03403
04587
04744
05090
00127
01181
04347
05270
01866
01746
01704
04072
04556
04649
02037
02865
00956
00994
04205
02343
00237
05304
03936
01702
03935
04377
01266
01157
03005
03090
02001
00063
01491
00124
00198
05402
03331
02889
01809
05808
04975
02102
05514
02848
05542
04717
03903
05604
01277
02165
00418
04084
04293
04513
02589
01969
00416
05777
00634
02571
05419
04866
02578
04823
04963
02960
02821
00467
01767
05144
01596
05434
03008
05349
01326
02079
03989
03412
00513
03846
00079
01059
02238
03953
02327
03996
01912
04519
00707
04675
04496
03821
03069
04036
02774
02257
00939
04105
01313
00472
05518
01191
05177
05647
04601
01946
03695
00219
05306
00973
00333
03155
00458
02911
01268
00111
01423
04936
01949
02007
03736
02583
01729
01117
01834
02924
05841
05235
05521
01525
05339
02527
03038
02986
03519
05642
01054
02106
04813
02047
00631
02626
01597
02948
00989
00277
04410
05652
02362
02868
02172
04792
04645
05784
00116
05809
01510
04006
02185
02408
04543
04987
02461
04844
02193
00220
04192
05096
02414
02602
05409
00136
05568
00724
03221
03264
00924
02982
03186
03743
05183
02676
03788
03397
04700
01822
04586
03825
03629
00021
00974
03905
00544
05529
02288
00036
02650
04059
05718
00014
04569
01301
02031
01820
00982
01390
05687
02538
00272
04495
03439
05068
01648
01644
00010
00658
01317
05443
04682
02228
03529
00233
05159
03353
03279
02609
02071
00879
00882
01618
01274
04013
05564
03184
02638
04014
04869
04564
01553
05485
05254
03554
00052
00559
04076
01385
05299
00122
03806
00991
00863
05128
03971
02440
02459
02290
00372
00108
01894
03259
03056
03370
02625
01004
05048
03433
00285
03542
00296
00409
00324
04687
03130
05014
04396
03540
00028
03267
01945
04032
01540
03045
03268
00621
04708
02529
04798
03238
00601
01954
05425
00170
01598
03624
03648
05117
01844
04759
01567
04834
03673
00755
01513
04223
05858
00156
04166
00960
01003
03319
01930
02427
05100
02975
02515
00307
00027
04213
01709
03325
03007
00984
05372
02947
01314
01185
03730
05737
02667
00507
01710
00080
01748
05290
03771
05429
04074
05729
01096
02608
01574
04572
05637
05220
02796
01180
00302
03660
03575
04690
01410
00097
00923
05447
04807
00753
03083
05540
05375
02574
02237
04404
05334
04752
00925
04435
03650
05799
00531
05723
01351
05095
00126
01606
03574
05851
05525
02154
02378
01002
03047
02451
03162
00748
00051
00793
03374
04194
04069
02214
04226
00291
02658
04747
03929
04174
02746
00200
04260
03231
03145
00001
01307
01915
01290
04158
01305
02780
01454
03431
03696
00550
05560
03387
02255
03322
02926
03774
00976
01534
04613
04077
01037
02422
00386
01625
00933
04753
03406
04548
00999
03002
00261
01145
03092
02758
03547
02301
05439
02933
00153
01672
05212
05196
00669
01135
01792
05307
00921
04274
01469
05260
01922
05187
03371
04184
04445
01285
02126
03518
02349
01079
00440
03770
02884
00496
02402
00611
00686
05044
01753
05456
04709
03030
04187
05404
05384
00911
02045
00667
00640
01780
04282
01338
00370
03983
03318
04270
03667
02318
04408
01472
01563
01413
03251
02367
05668
02839
01354
04599
04659
01087
00802
01081
02404
03822
04745
02147
05559
03759
04112
03152
02192
04185
00269
05856
04406
00557
01093
00004
05335
04880
01668
04920
02331
05398
02900
05700
02904
00595
01528
04120
01992
03876
01068
05750
02003
05765
02540
03897
04617
00725
00543
05057
04443
05508
05745
01475
04447
01726
02592
01252
00099
05287
03651
03117
01278
04859
03717
00240
01524
05670
00085
05860
05127
02819
02201
01885
03887
00169
00866
00932
02143
03237
05016
01967
04803
01411
01658
04665
05683
03404
03114
05042
02168
02385
02049
00056
03067
03853
03732
03795
00311
05132
02919
03844
02707
00295
03059
05582
04989
03914
05667
02959
02146
02891
00545
03147
01840
02572
00860
03869
03304
03742
02860
00003
05225
01690
02930
00492
01336
05200
02004
01154
00128
05566
01126
01256
02153
04067
03446
01398
01674
02230
05689
05363
04634
02995
05390
04737
03129
01162
03960
03320
02520
01208
01586
05660
00777
03662
00157
00347
03569
04873
01280
04603
00980
00151
03212
01660
00781
00358
00722
00805
00693
02441
02200
02971
05083
01026
03818
03632
05327
04861
00731
00353
04642
04711
03400
02162
00795
01708
02886
00582
03515
01452
00308
00437
01437
04313
02950
00554
04336
03337
04722
01107
02122
02639
05832
03955
03339
01778
03937
05123
00810
03300
00344
01526
05005
05000
03389
05673
02659
04003
05576
02012
05250
00488
02016
02157
05208
05105
03293
03416
01897
04573
02672
05034
02111
02955
02764
04800
03335
01142
04732
00875
04782
05427
03345
01684
00850
04111
01474
04239
04141
01346
01814
02685
02438
00854
03313
05852
04339
05118
01503
00553
04502
03647
00133
05795
02009
04937
00057
04537
01608
02681
01603
04033
05251
03641
03377
00650
01994
05763
01332
01716
02341
00574
03623
04529
00154
04945
02396
04883
01306
00689
04457
00907
01584
02134
01707
04688
05589
00101
03693
05236
02632
05743
02497
05400
00385
02923
03049
02779
01888
04557
04696
04509
00988
00469
01934
00887
00091
05719
01088
04534
02138
03110
05554
02078
01230
05230
05831
02713
03058
02119
02967
01092
00671
05255
03973
00042
04742
04892
02457
04350
04236
00664
00424
05264
04583
01547
05845
05548
05635
02360
01757
00904
03496
02814
05519
00703
01036
03281
00954
04505
01203
05216
01141
02928
00327
01321
04201
03683
03737
00514
04147
01773
02093
01711
04173
03842
00351
00069
02246
04130
03326
02604
01148
04308
05076
01404
05043
05333
00813
01580
03904
04473
04492
01870
05184
04248
05646
00158
02716
01297
00530
02370
02754
02324
02696
00072
01582
01331
05561
04574
01841
04178
04902
00453
02166
01066
04462
02611
03999
01420
05544
02501
05316
05445
02665
01771
03585
05674
05099
00474
04536
04210
05129
00223
04954
00663
04794
03864
04322
05675
03283
05382
03549
02792
03278
00838
00390
02759
03739
03659
00704
04331
01797
04351
03025
03065
00465
05717
02099
03552
00709
01428
05070
02375
03140
04168
05006
03134
04727
04263
04034
01494
00150
01908
02249
04256
05469
05215
04179
01573
02135
02749
01545
03181
01861
04978
03880
00247
01947
03054
00276
05360
02879
02410
04186
05243
03434
01459
01621
04867
01769
03453
00255
02739
