03824
01631
00575
05544
02343
03869
00980
04416
00390
02512
03183
00036
02497
00553
03788
04859
04036
00371
03164
05392
05327
01887
02165
02124
05689
01621
04334
03656
02611
04200
04861
02685
04162
03510
03732
00311
01807
05118
00890
01787
00544
01009
04983
04719
00838
04911
02079
01300
00042
00080
01208
05646
02039
02312
04184
04764
00664
02061
03683
02658
01050
00014
04772
01825
03263
00530
04892
02275
04920
03257
04688
04466
02632
05127
04705
01003
03585
01462
01142
03837
02381
01203
01420
00234
02154
02461
02879
04638
01364
04120
02413
00658
05069
05521
00400
02205
00863
05321
04766
01455
02416
03723
03821
00125
02674
02796
03439
01315
02168
03259
01096
04847
05615
05702
03651
04665
03251
00277
03335
01982
01390
01398
05721
04767
02758
01452
03840
04408
02153
02681
04987
00084
02214
05316
01526
03620
01485
03056
04867
04062
01929
00281
00418
01469
00308
02411
00632
01370
02396
00543
00370
03531
00407
05576
05355
05200
05841
02358
00505
00810
04205
03984
04377
01608
04343
00621
03648
04380
01290
01554
01775
01837
00128
01277
04663
00347
05172
00461
04645
03844
00276
02734
02410
02749
00381
05137
04267
01646
05354
03988
05026
00527
04544
04536
02747
03897
01436
03083
03352
05608
00207
02402
05525
05810
03295
02975
00386
00585
01967
03654
04576
04873
03216
03068
04424
02588
04654
00977
01792
02031
04744
03673
03326
00601
00755
05277
02723
01923
02591
01493
04837
01704
04752
03264
00467
01510
05832
02659
03278
04552
01777
02089
03967
01943
02824
00372
01992
01633
03953
02797
02491
01180
05836
01423
02574
03660
01607
03552
05251
02900
04077
00875
04792
01847
05644
03447
04975
03770
02997
03193
03564
01605
01188
04336
00261
01778
04761
05034
01002
01623
05305
05123
01673
04833
03045
04794
05090
03114
01823
05235
05059
03798
01147
03695
01835
03772
05598
03836
01511
00240
05157
02025
04577
01068
01117
00458
01317
01348
04293
01945
03339
02616
01131
04239
01159
04259
00983
01553
02201
03188
04708
00559
05806
00963
01632
01351
01156
05625
02829
05282
00754
02576
00369
03434
03178
04840
01816
05798
03973
04003
00474
05334
00732
00929
04852
05485
02967
04069
01814
01039
00887
02995
01472
02609
04566
00973
01994
04457
03389
05382
03956
05809
05187
01454
01314
00099
05243
02200
02960
02501
03574
03293
03406
05777
03916
01213
02589
02713
02514
05443
02111
04384
05589
01474
02889
04186
02893
05852
02237
00534
05804
00724
01336
03989
02084
01081
03962
02066
00944
05010
01331
00825
01934
04371
02506
03983
04201
04030
05393
05501
00255
03314
00333
04156
03227
00319
01461
04823
02096
01405
04589
04396
01503
01582
03667
05367
01748
04409
02771
02193
04529
03140
00056
03397
05726
05306
01528
02349
02126
00337
05429
03890
02459
02012
05572
02950
04727
03495
01346
04883
00463
05149
00481
02662
00086
02508
04099
05146
04471
01484
00958
00514
00782
04586
02362
05665
00532
00500
01968
03641
01407
00631
00247
01078
01513
05858
00145
03966
00805
00925
00154
02569
05273
04410
02667
00650
02230
00817
05569
04460
05248
05196
02415
04650
02360
00799
04292
04115
05128
02540
