03882
05729
02659
01710
04249
02877
04625
00733
04074
02490
02018
03397
00099
04534
05424
02048
00782
00291
00686
01459
01534
05367
00170
01550
02194
04552
01954
03002
02149
01230
03296
00514
00632
01107
00860
01314
00907
01003
03519
05568
03295
05769
04744
05753
03798
03976
03145
05810
03466
01009
01606
01749
04717
00426
02124
05576
04169
05035
00814
01636
03673
02049
00245
01100
03495
00640
02252
00781
02373
03058
02156
01039
00778
03365
04711
05017
02445
01861
04798
00169
00904
00240
04687
02915
04403
04847
00207
05331
00252
04270
04598
02378
02792
01771
03433
05677
00386
04601
01056
03193
04937
00193
02786
00797
03618
05335
01624
00488
02457
05371
05214
00492
02971
04709
04182
04663
05375
04831
00789
00921
02460
04339
03916
03278
05773
00926
02383
03383
02933
03831
00505
01866
04589
05687
02004
04436
01685
03837
04293
05782
01553
03345
04484
02430
02649
04869
00723
03630
02408
05009
05016
00740
01669
04492
02960
00818
00539
00732
03853
02585
02312
02919
01648
00667
03547
01026
01007
00923
01966
02816
05289
04351
00703
01945
04956
00981
03469
01149
03560
00400
04113
03475
05157
02963
02542
00696
02805
01775
00324
02604
00136
02527
04650
03065
05847
05096
01716
05554
04654
04371
00573
04827
00554
03842
01533
04192
04158
01846
03806
01547
01012
02394
01291
01668
02747
00321
01494
04014
03489
01181
03890
02016
05564
03374
01390
04414
00980
05582
00718
05604
04700
00799
03387
01870
01631
02997
03279
01633
03355
05384
01301
04277
01982
05635
01225
01673
02147
03117
01351
01930
04223
01864
02228
03371
02415
05642
00725
03696
02965
03423
00850
03314
03231
00534
04781
00944
05177
01385
05615
00650
00658
03446
03062
01778
02819
01092
01270
01958
02911
01285
02459
02367
01050
05183
03707
02193
04021
01944
02404
01068
01331
05137
03611
01605
01946
01969
02501
05621
04435
01825
03736
02982
03644
00964
03824
04782
00409
04796
04006
01831
01493
01510
04989
02685
02140
03014
04032
05261
05356
04244
00960
00805
04147
01567
00976
00337
04263
03324
02385
00128
00748
01965
01338
02166
00126
04059
04583
05529
05485
03742
02072
00513
00133
03468
01413
01213
02451
02693
04340
02465
05277
04201
04256
00615
05826
02262
04099
03097
01297
05355
00251
02261
00949
02754
02848
03809
02402
02688
03099
05425
02886
04124
01894
04048
05808
02010
05795
03552
04023
04350
02363
02638
02468
03008
04753
01704
05519
04834
05743
00116
05159
03564
02817
00973
04916
03301
02793
03434
01049
03268
05042
01701
02025
05668
04156
02909
00929
05447
05828
02009
05215
02948
00994
02023
05088
03156
00983
00371
04200
05372
01682
05295
00249
01336
00853
05501
05392
03183
04089
05832
02667
03110
03005
04331
02975
01582
03377
02858
03510
05845
00069
04241
01986
02270
04323
03334
02327
02619
05161
01348
05059
05146
01869
02249
03683
02955
01380
03121
05100
05719
01159
04409
05494
00575
00999
02884
02410
03195
01644
04404
04892
03260
03186
02037
05005
00765
05646
02676
05105
05273
03739
01290
05514
01584
01879
02246
01164
02856
04221
01590
00027
04443
05689
00051
01277
03308
04974
03822
01757
04498
02662
02530
04157
01586
01168
05220
02672
04911
05250
00485
02764
02089
04800
04187
04761
05591
01374
01157
01141
03234
02122
01912
00091
03540
00353
05058
02275
02382
00887
02090
01423
01182
00911
01820
00532
00003
05765
04496
02556
00320
05670
01840
00977
05057
03723
00550
04341
02716
02797
05569
00140
01877
03897
02257
03038
04228
04710
02336
04353
01300
05191
01609
00612
00319
00351
00328
02602
00277
03391
02342
01968
03527
00134
01934
01307
02947
05794
04178
02950
00307
03020
02713
03484
04741
04259
01088
00361
04883
03817
03181
04840
05068
02986
00056
04756
05726
00352
00418
01807
05225
03713
00704
00063
03023
01145
01117
04930
02928
05561
00474
00242
03464
01816
01397
02964
04529
05683
00071
03768
04115
01646
04377
03989
01660
03352
01227
01528
01625
05489
03818
04807
02506
05710
01472
02157
02370
03651
05235
02665
02923
00238
04613
02497
01769
01148
02592
05745
03836
05717
04213
03339
03092
02463
05712
04184
01955
04347
01513
04036
03716
03303
01809
03546
03113
05069
00873
05327
02453
02422
01354
00753
01147
05427
00439
01452
01359
03999
02609
01653
04714
00399
02324
02126
03876
02095
01847
05390
00390
01251
04649
00296
05201
01525
05858
02168
01134
01404
01711
02230
03184
01561
02622
05006
04981
04564
03140
03875
00122
05070
05784
05410
02440
04766
00793
00922
01276
00974
01509
01346
03221
04577
03473
00854
02779
02096
04854
02066
02658
05559
03915
04502
05434
00810
03574
00754
05706
03130
03257
01353
02959
03089
00496
01748
02038
00991
05090
02666
03168
04566
01391
00821
02922
04815
02052
01206
04457
04545
03322
01598
03629
04722
01688
01097
03846
03095
05432
03631
01370
01919
00611
00469
03129
05165
00903
01574
00825
02529
01120
04514
02251
01909
00743
03319
05665
00803
00276
00463
05542
01364
05428
05409
01853
05759
01897
03326
03969
01992
04759
04920
03487
00963
00050
04737
03237
04274
04282
05175
05046
01036
02277
03745
00585
04054
00270
03654
01081
04292
02587
05083
05721
04665
05064
05777
00866
04034
01826
03702
04705
05333
03406
03575
01971
02538
00001
04505
02734
04067
01019
01931
03682
01511
05310
03190
05306
04424
04179
04621
00271
02904
00108
02508
05850
04112
00156
04918
00868
03348
04313
05301
03182
00079
02427
02413
05516
01320
05240
00157
00442
04406
01315
03743
02084
04873
04463
02134
01580
04205
04837
00004
01252
05623
02670
04061
01405
03238
04844
03188
04645
02742
01216
01033
01777
05723
04462
01923
05014
02820
04174
02486
02723
04867
01603
03090
02924
04816
02583
00838
02341
04870
04459
04162
04536
05131
02001
04030
01629
00036
00671
02589
03030
05860
00080
01608
04794
01347
01503
04408
01059
03759
01837
01573
01274
01916
00545
03353
01051
01122
03448
02981
00272
05196
03869
02944
05647
05404
05742
01729
00802
00083
03067
04308
01554
02441
04207
02623
03982
05652
04987
00574
04335
02588
01617
03164
04726
01410
02238
03049
05835
04833
03937
00670
04719
02696
02461
01713
02608
03320
04988
01792
04820
01913
00010
05222
00631
02814
03892
03412
04117
04186
01746
00233
02571
04732
05097
04836
02339
04696
00287
00737
03400
03404
02967
05637
01708
03401
00543
02682
05416
05144
03660
03082
00228
03829
02106
04450
02399
03650
00220
00792
00527
00402
01814
00487
04043
01596
00237
04267
00370
02318
04603
02746
00153
00347
03703
03554
01524
00958
00829
00663
02301
05851
03403
03212
01766
02393
04442
00788
01156
04747
05123
05334
00045
03693
05307
03963
02172
05341
05443
03114
04396
05804
05226
02146
02007
01436
05216
05044
01947
03134
02218
00634
01462
01530
02431
03047
04945
05504
01726
01887
04587
04168
00582
04336
01823
04879
01306
01994
03293
00524
02520
02484
05034
01087
04489
03304
04258
02926
05673
03439
05236
01256
02061
04226
04355
02995
04813
02632
03641
00073
05737
03983
04083
03543
02039
04544
04569
01674
02237
04509
04141
01699
03887
04968
02255
02045
00031
02201
02208
00565
01787
02891
04085
05597
04808
01943
00174
05713
00446
05418
01437
00500
01929
00098
04963
01578
04072
05095
01702
05382
04677
01190
05402
04537
02093
00882
05136
05806
02003
03017
04551
05172
03862
05589
00358
01597
05841
01684
01690
01765
04792
02079
03061
01094
04772
05349
00504
00295
04091
04052
00423
01135
04795
02759
04966
04466
05400
03825
04617
01514
04432
02674
03600
03411
01834
03593
02758
03518
05117
04028
01326
04675
01772
00385
02784
05227
05518
02824
00621
00628
02892
05305
04708
05831
00481
05560
00795
05260
05703
05540
05763
00924
05243
02834
03960
03264
02572
05853
02679
01709
02860
01208
03515
00407
03018
00125
01428
02540
01841
01725
01780
00458
01378
01563
01432
03821
03453
01131
02438
04557
01002
00101
05809
04859
00902
01203
03579
04194
03096
04460
00938
01974
04638
01859
05525
02829
03267
05625
05118
05000
00752
00384
05667
00457
04062
01474
05544
00097
00344
05572
01623
04482
05608
03914
04573
03638
02012
05611
04236
04364
01407
05099
01672
01273
02226
03447
02071
05779
05398
00145
03771
02135
01096
02297
00219
03596
04343
02744
00777
05593
01585
04130
05168
05321
04793
05675
02789
04975
05799
05128
00755
05480
00956
00954
00025
01363
04688
01645
03479
03737
05132
00886
01372
01188
03416
02690
04764
03549
02873
04519
05129
01280
03624
00630
03973
00396
04978
02774
04767
03620
00308
00042
04261
00154
05464
00318
01650
04252
00771
02125
00084
00246
04239
01888
01856
02416
02578
03045
04727
02535
04210
04562
05230
05024
01054
00372
01162
05686
03936
01430
01154
03331
00294
03754
02078
05103
03025
04695
02616
05316
04852
01641
01079
04627
05200
00709
01037
00311
02355
00766
05101
04983
01450
01793
00530
03069
03076
05363
02697
03335
01153
04177
01185
02893
02192
01773
03271
04123
03318
02333
03726
03492
00111
03787
02512
04572
00429
00262
03313
03511
02375
01908
05566
03531
00461
00940
04125
02400
00559
02905
00127
05617
02930
01670
04642
02849
05674
01126
00932
01028
02868
05304
03955
02778
00601
04445
02576
01797
05248
00925
05631
01191
04033
01398
02681
04902
04752
02491
03770
05314
05360
04111
03142
01441
05419
05429
03068
05119
03929
05127
01305
03954
03052
03083
02749
01967
03300
00731
03263
00381
05143
00158
00052
02200
02102
01142
04334
04410
03227
01618
02165
