05159
02860
04880
00111
01343
01272
02852
00291
03375
05080
02111
04403
02848
00028
05677
04116
04884
00457
01656
02182
00587
00072
05391
03845
01983
02695
04599
04724
04911
01817
03092
04351
00068
02440
02132
03996
00331
04537
00471
01366
03709
02201
02172
00453
05043
00838
01214
05305
03991
00962
02270
01732
04459
00954
05293
04054
03135
01665
01088
04123
00207
04101
02960
00634
01527
01092
03755
04890
04502
04281
04798
02766
00429
01765
01849
03983
04062
02237
02681
04690
00667
03133
05765
04908
02212
02459
04013
04421
05732
05101
02248
02431
02156
01388
00921
02081
01608
01561
05263
00407
04213
04318
01226
02664
02475
05103
00416
02184
01329
00886
03955
01319
05506
03690
02140
02731
00237
01630
01256
00488
05858
02408
01277
02554
04628
05044
04641
05791
05718
03174
05097
01958
05366
02693
04774
04463
00187
01355
00193
01625
05393
04964
03966
05400
03828
02653
05856
04873
05216
01915
04072
03106
03386
01078
04781
00778
03162
04569
03798
02190
05683
02565
00822
03352
01381
02208
04331
02314
01740
00532
02585
04324
03499
02394
02820
05484
01032
01016
00318
01887
04726
00097
01471
01415
05124
04719
01002
01026
04623
05250
05273
02453
05433
01437
02542
00889
04471
01681
01591
04893
03128
03518
03469
00265
03835
01177
02525
05277
00057
01835
01768
02162
05476
02867
00283
01888
01524
03293
01949
02445
02863
02451
02108
00474
01074
05088
00508
02215
05853
04757
01336
03047
04398
04389
02890
04995
01716
03267
01297
04340
03372
00818
03424
04032
05825
00415
01045
01658
04177
00405
03964
02358
01139
00907
03702
02551
02900
04034
04779
04261
03638
05333
00740
01107
03721
01051
01301
01566
05397
03552
01996
04099
03434
04183
00790
00150
05531
04084
00933
05222
00469
05446
02157
00024
01534
00869
00825
00503
03876
00358
04515
00058
02003
04206
03007
05670
04091
03251
04307
03537
00879
05316
04645
02123
01061
01947
05310
05652
00833
03213
02291
01468
00119
03785
01825
04144
03717
04442
01181
04210
04104
02619
01432
05200
05144
03673
04767
04029
02817
03069
02410
04586
05018
01617
01606
03644
05812
00612
03768
05855
04097
05093
02644
02586
05232
04831
05746
05558
00138
03313
03271
03848
03184
04889
04416
03198
01227
02929
03592
03832
03510
02761
02009
03985
03960
00125
00592
02331
05061
00413
01359
04613
01545
00344
02780
03844
00528
02684
02278
05254
04481
01533
02915
02097
00684
01803
03511
01816
01407
02091
04856
02402
04432
01987
04002
00130
03453
05852
01553
02058
05837
01152
01824
03433
03423
03060
05247
01969
03730
05782
01108
00956
01955
00813
02390
02053
03492
04673
02071
05674
04143
01567
01049
04355
00325
04014
03961
05367
01435
03994
02747
04187
05593
03677
01683
05629
03846
00252
04087
01529
00353
01709
05281
00347
01894
04470
00664
00622
04591
01934
02865
05841
03050
01578
05620
01644
00724
05341
04879
02493
03110
03082
04339
02650
00463
03574
01451
03263
02327
04896
01455
02583
01147
00398
04155
01912
03002
05635
02682
02909
02603
01405
04782
02315
03160
02589
03695
03431
04159
02255
05284
01182
04598
02456
05846
04200
04840
00531
04760
05425
02031
00674
04100
05069
02508
04823
05452
01313
05784
03027
02124
01099
05354
05392
00223
03874
04451
04417
03193
01919
02962
00464
03869
04642
02301
01395
04833
04010
03396
03090
00890
02628
00397
01589
01300
04150
02620
02947
04536
01861
03849
04844
05132
05117
00461
00151
00514
02660
03268
02153
00574
03385
00522
04744
00497
01391
03524
00682
03823
01528
03924
01419
05301
01190
04647
00742
05742
00270
00392
02452
02316
02632
04030
01404
01968
05663
02970
05707
01794
00810
05146
01290
02662
01775
00718
00861
05569
02877
05514
05057
01239
04680
00259
03304
05026
03753
04036
04455
05469
00272
03467
01943
03763
00418
00949
00870
04085
01857
04640
01638
03278
03083
04533
01892
03495
02582
05713
04583
01574
01744
05210
04147
03911
05723
01839
02102
04465
04347
05464
01285
01966
02879
00686
01131
04061
02004
04633
00472
05693
02958
04659
04438
04272
05745
02104
00319
05410
02006
03514
05740
04003
02893
04649
02875
02967
04534
00498
00631
05137
00269
04575
03556
02233
04852
02604
01900
02948
04866
01119
01314
01338
03489
00294
05845
04905
05138
02159
01659
04592
04424
00797
05449
00804
03180
02165
01541
04009
03279
05465
01771
05792
02573
01305
04021
05068
04052
04375
05848
04761
04975
04556
05739
05826
02373
04080
02679
02060
02899
02688
02411
01176
05777
01326
04930
05363
01586
02275
03257
01180
02923
00264
03334
01475
02657
00117
02240
01196
00842
01523
00454
01364
05756
03471
01003
05564
00296
04067
03671
05042
03793
02023
03703
04869
01389
03172
04384
04446
03936
02126
05205
03836
01897
04088
01501
03300
02742
01461
01162
03588
05535
00071
01605
03557
00035
05769
00085
04248
04828
01375
03068
01609
02171
03216
01136
00541
04028
01755
02115
01102
00081
05207
01944
00322
04321
01616
02949
00176
00753
00765
01466
05851
02878
04178
03295
04274
00183
04634
05157
00128
01488
05304
03084
00545
02285
02381
02163
04589
03326
02154
05789
05811
02792
02771
04252
03096
00377
01033
03114
04408
04716
01518
01142
00310
02618
03661
05424
00911
02829
00220
02692
01073
04218
03232
02007
01780
05482
05429
01840
00521
01790
00271
03359
04293
04733
05065
02856
00136
03693
00935
04194
01822
02776
04974
01820
04127
03264
05668
04179
05550
03647
00311
01169
02821
05031
04228
05694
05737
04409
04577
05494
03215
05642
05054
01028
03631
05309
00381
05161
01122
05053
02515
03231
05136
01598
04865
04991
04466
04256
01986
05264
05283
01885
00402
00982
00939
03391
04370
04987
03903
00233
03246
05014
00858
02293
00324
02975
01097
05066
01478
01978
05128
05836
01450
00178
03339
00320
04174
05582
01778
01707
04048
01847
04235
03784
00828
03496
02722
02556
05422
00852
00628
02448
02760
05839
03303
05828
04441
03383
01096
01632
04308
01674
04714
04937
02461
03750
01126
04341
00897
00327
02995
03485
00255
04394
01318
04944
02977
02257
02414
04892
02896
05280
04006
04059
05798
02342
03491
04110
04883
02349
05702
02880
02764
04734
02066
03887
05362
00156
03370
05566
05525
05359
02363
05577
01068
04428
03980
01514
03169
01702
03515
02143
02138
03484
02649
01350
00309
03346
03522
02567
02218
05251
03531
04562
05561
01879
02910
03374
03927
04836
05004
05237
03617
03400
00308
03081
04163
01120
03461
01273
03733
05597
01288
02904
00789
04710
05542
00512
05106
03020
00010
01393
05726
01489
03229
01485
03977
05213
03754
03403
02477
02168
03987
01666
03017
05306
00821
01058
01677
02427
02506
00170
01036
02245
00466
00459
00691
03221
05288
00067
01841
03818
02789
04364
01474
01642
00384
04557
02116
01503
01710
03989
00492
03117
02348
02808
00374
01869
00663
05070
05844
00615
01187
04784
05418
04022
01791
02415
02816
01635
04068
00003
01457
03596
03633
03767
01372
02826
02481
02491
04976
03881
00321
02666
03822
05608
05500
04255
05526
02744
03782
01670
05338
01636
03389
05163
04294
02963
05120
04851
01559
02743
03262
02047
01188
00126
05290
04753
01274
04044
03656
00755
04564
01278
05076
01901
00570
05177
04130
00025
01243
01633
03475
04126
00757
04113
01235
05349
03224
04214
04793
04467
04462
05034
03294
03416
01792
03259
04239
03774
00284
00620
00748
03466
05243
01603
04986
04526
00799
01124
03059
02403
00530
05107
00857
04621
04373
02079
03795
04327
04732
05706
00793
03919
03672
00424
03040
03404
05095
00510
04821
01332
00245
03866
03394
00999
00301
02008
05480
01055
01211
04837
02707
02665
01962
01511
05063
05127
04546
03609
00339
04854
02533
04985
00882
02531
00487
01348
02759
04826
02730
04413
03737
05100
00361
02144
02691
02294
01472
01317
01046
01916
05372
05667
04914
05240
05357
04805
02194
02346
04323
01597
04033
01378
03478
01671
01217
03149
05125
04587
00273
01648
01596
00782
01927
03348
03642
01547
02572
02784
04221
01168
03629
00368
04151
02697
05119
00332
02502
01385
01430
05375
01441
05032
03462
00437
05184
03969
00656
00023
04181
01342
02895
00582
04807
05233
01093
02404
03029
02166
02061
03260
01811
03140
05402
03800
05337
02044
03724
02982
00540
00370
05156
05710
01447
03486
05165
00002
02587
01153
05123
02568
00902
00386
02045
01452
02214
04513
04850
03363
03390
05398
00534
01015
02382
04737
04495
02142
00247
05773
00051
02430
05110
03809
04505
03575
00802
02352
01833
04381
03935
04430
05083
01980
04963
05064
03599
00883
05035
05360
02096
00124
02638
03058
01994
00200
01494
05404
01733
00440
03889
05248
03473
01587
05084
00460
05048
00554
02855
04443
04065
05270
02998
00791
04816
03366
00932
01719
00073
03554
03637
03611
02482
01508
05753
05589
02891
03998
00234
03129
03543
01062
02375
02209
04859
02283
01582
05491
00850
04445
00936
02038
03355
05847
05188
04601
03546
04169
01660
05000
02080
02228
03692
01834
02594
05351
00621
03744
05334
02098
03937
01619
00994
02520
04079
04694
04700
05625
04140
02540
05017
04551
03667
03458
00896
00467
03956
02310
00045
03124
01802
05556
03567
00713
03342
00228
03397
01663
05631
02964
01133
00977
04226
04861
01938
01064
04722
00091
03864
00874
02268
04282
01851
04622
05318
04902
04751
02580
04772
04031
04709
05033
05197
03892
02289
03322
01056
03125
02274
00976
00925
02815
03163
03479
02926
03616
02864
01030
02200
05622
01294
03412
04189
02039
01992
00805
02613
02699
01411
03707
04168
04912
02025
04578
04933
05861
03134
01006
00559
00689
03306
04572
02911
00281
01442
03490
02299
02690
03896
04414
00630
05598
00736
01258
02746
03623
03121
03340
05788
00409
03618
02561
04083
01201
02174
01213
04940
03872
00185
01930
00924
05495
00752
04475
01637
01593
01602
05432
01526
01797
03310
03736
01191
00101
02928
05155
03291
04247
05258
05490
03258
01353
05220
03820
01746
04464
02243
04429
01453
00847
01580
00208
02672
05419
01374
01148
05129
04268
01183
01346
00837
05386
04953
04570
04297
03711
03093
05504
04711
03508
04045
05174
03605
01484
01143
01807
03829
00796
00303
01351
01138
00544
00197
02468
04650
05007
02374
02226
00246
04665
01024
03974
05687
00723
03641
01793
04377
05510
05006
04473
02052
04863
00507
00938
01856
02955
02122
02889
02497
02119
03560
05689
00214
03732
03595
01233
00693
02362
04410
04472
03871
02591
02322
02249
02473
05795
02774
01157
03010
03764
05143
03208
03018
05508
05327
05559
05382
02793
00944
01848
04192
00854
00190
02782
04412
01688
01066
04764
02487
02277
02014
03038
05219
03905
03269
01296
02640
05364
00372
02552
04627
01704
00988
01697
03283
03086
01777
04829
00333
00887
00617
00021
02950
01870
05059
03950
04745
05010
02507
02336
02179
03504
01394
03646
02467
01713
01390
04286
00926
02034
03880
03999
00447
01199
03290
02696
04186
02355
04435
01618
02615
05302
02463
01041
02530
05443
00707
00934
05560
03806
04112
04279
00669
02012
03842
02944
03210
00550
01673
01339
05711
03099
00050
03203
04766
01054
01837
01585
03840
00462
01341
01473
01462
02839
05215
02723
03797
03299
03142
05799
00928
04544
00895
04916
03904
02324
03529
01641
01365
03535
00891
03539
04120
04548
05411
04223
03569
00725
03226
01974
05176
05447
03276
03329
01349
01922
02769
01725
02238
02931
02810
04493
03726
03067
04540
02033
05572
04915
04982
03497
00670
03016
01844
00604
00287
04497
01923
02396
04682
01029
05487
02441
05644
03875
03701
00102
00650
01459
03938
05051
00583
03523
04803
02484
00952
04244
02651
03319
02538
00915
00352
02569
04675
01647
02939
00439
03915
05416
01748
03908
04233
02762
02578
05833
00690
00943
00031
04350
00122
02356
04755
00369
03772
00930
05413
04742
04877
02413
01019
05461
01662
05454
02360
01693
04118
02164
01185
05221
00880
02089
04903
02588
01454
05307
03851
03922
04124
01664
01315
01094
05703
04496
02264
00004
05426
05747
04132
01178
03026
03089
00134
04158
03265
00443
03464
05175
05046
00613
01690
01035
04117
00940
04689
03654
04111
03097
04161
05554
03136
03222
05150
02930
03401
00442
05246
00542
04405
01513
02539
00958
03590
04717
05226
04498
02129
01057
01562
03593
01111
04156
00990
04212
05282
03430
05473
02522
00929
02814
01134
00342
02106
05793
00695
03188
02318
04343
02339
05579
02155
05118
01595
01398
03929
02010
01320
01400
01149
02616
05719
05287
04616
00481
03890
04989
01280
01895
00251
03967
04236
01669
02827
01783
04590
03439
05519
00501
04380
03186
03411
05809
00175
00313
03894
02211
05728
01813
00981
02885
00702
01469
01406
00777
01012
02754
00013
02470
02399
00001
02847
01708
05099
04241
04688
01621
05498
00108
04039
05501
04687
03962
01496
02824
00903
05102
03805
02393
01082
04514
04748
04545
02148
00465
05231
02137
02807
04334
01864
01563
01095
05729
03365
05733
00829
00157
01255
02188
02720
02397
05314
01573
05154
03963
05637
01380
02376
01037
00140
05568
04270
04460
01507
03821
04834
01891
04654
02400
04988
05516
05647
01369
00546
00860
00551
01653
05335
01493
03159
00588
01695
02667
04804
04391
03205
04814
01005
02800
03296
00018
01926
04676
01726
04400
02717
05090
05384
02509
01629
05202
03659
01246
00387
03382
05142
01224
02297
01084
04219
03742
00475
01311
04336
04258
02372
00632
02512
04897
00084
05712
02971
02685
05638
01550
03062
02861
02868
04292
05532
05183
00749
04667
00781
03195
01624
00733
01627
01328
01882
03988
05705
04064
04023
04876
04759
01007
00305
02072
00746
05544
00726
04482
02501
02892
01611
01413
02884
00792
03052
02729
02049
02797
05810
00737
05126
05209
03837
00575
00047
04677
05295
00974
03681
03281
04747
05321
05427
02341
03034
00341
01230
01646
00991
00931
01368
01436
01859
01645
03997
03649
01540
03076
04715
02321
02532
03444
03362
04326
05717
05274
01194
04012
00277
04396
05701
01145
00158
03152
01607
02369
04519
05096
03369
05319
00198
04190
04563
01156
03734
04107
03882
00601
00219
00240
02043
00557
05686
01063
04597
02312
05584
03377
05818
05255
02857
05762
04148
01757
05521
00400
03624
04166
03028
03563
04920
02385
02001
03173
04188
04705
04552
00337
00367
03155
05239
03759
03178
00968
05549
03662
04792
01481
02177
03854
05022
05548
03620
00543
00036
01495
00513
05530
04529
01741
04342
01699
04686
03917
01806
05445
00298
03914
02028
05403
04727
01222
02658
00743
02178
00080
02388
05208
02576
04936
00727
04635
00399
01866
00446
03168
01946
01952
02757
00953
04815
02846
03685
03371
03810
01302
03182
04058
00626
02905
00863
05604
05743
01921
00019
05615
01043
00590
00989
03899
00181
03670
03145
00744
03238
03686
00820
05275
03650
03005
03183
02254
03320
01184
01491
00153
03781
01945
04376
01767
03065
02521
01612
03200
04574
02713
04625
03488
05140
05214
05024
02676
05485
01307
04978
04096
02125
05227
00355
00766
03234
02271
05617
02749
02422
00169
05196
00426
02370
05645
00173
04276
03406
01420
05131
03325
05774
02866
02343
00754
05260
04945
01872
05408
05038
03181
04411
05330
01843
05356
00069
02436
01909
01123
01826
05666
04162
01208
01766
05529
00155
04907
04573
04752
00658
00535
04406
01504
03130
00055
03603
00866
03266
02626
02433
02919
02933
01773
03682
04074
00500
03190
02131
00904
01814
01701
00362
05721
00527
03739
03324
03228
01908
04508
05567
01685
05797
03345
00127
04390
04063
02956
00923
00351
04509
01590
02135
01410
03771
00963
05135
00505
03752
02648
04603
05439
05763
04927
03392
04708
00098
00983
01121
00706
02849
01965
00107
00964
00922
01251
01506
04827
03934
00263
03939
00285
03357
04369
01347
01361
02740
05434
02518
02779
01796
04786
00705
04968
04263
02405
04353
00678
03696
04026
01052
02574
00696
02610
02786
04538
05759
03164
05380
04090
04313
01584
01141
01954
03468
03770
05409
03460
04966
03156
05339
00709
05189
03549
02858
04910
04867
05611
03338
01268
04142
03254
05456
03008
04735
02486
03446
01979
05665
00213
03665
00099
01009
02147
04954
04043
00504
02205
04492
01225
03853
05201
04260
04531
04175
03743
01087
02535
04820
01331
03000
05340
04969
03171
05616
00428
01672
01270
05522
02181
05518
04259
05217
01730
00307
03648
01929
01354
02986
05547
01100
04025
03984
03519
02534
01363
02965
00817
05653
03788
00868
05016
02235
05585
00745
04201
03587
00788
04484
02592
05235
04267
05794
01931
03353
04322
05540
02317
02674
03054
03862
04450
00042
02027
04207
02005
04066
01289
03600
05600
04491
00238
03113
01937
00538
05009
04489
00356
00423
02997
02602
02333
04145
00485
02716
02803
00196
01515
03049
03745
02059
02090
03470
01684
01509
01044
01492
01913
04796
01195
04209
04185
04457
03388
00585
00052
01098
02519
03337
05225
02262
02611
01711
03547
05806
00795
02383
03942
02607
02981
02367
05802
01423
01631
01371
02834
03273
01401
04668
00385
01828
05816
05684
03976
02307
03237
03825
03716
03189
04808
00302
03965
05675
01276
01623
00371
03873
00133
03176
03341
02490
00056
00993
04956
00174
02659
05583
00083
02758
05804
05105
04184
04918
00524
05451
00960
05311
02529
02443
02796
01409
03335
02639
00230
01981
01229
04069
04193
01004
03477
05808
01831
00731
02392
01370
02094
04249
03227
02118
01154
04196
05331
02683
02449
05350
00218
03585
02739
02954
03465
05149
02084
03474
00597
02465
02000
03045
03057
02873
05805
05352
03723
04387
01021
01650
