01291
03300
03147
04446
01780
00310
02484
01879
05390
01636
01410
05264
03389
01787
04544
04123
03345
05007
02226
02431
02202
02071
01004
04930
03660
02393
02154
00709
00010
00285
00442
00507
03916
05295
04552
00530
03618
01094
00926
05273
05068
03563
00400
04966
04323
02962
00004
04178
01553
05410
00081
01606
01314
02967
04331
03453
03518
05665
01097
05305
02977
05831
04665
01506
04054
02891
01054
02367
03537
01037
01840
00385
05702
00829
01621
00887
05828
00803
04988
03648
03818
04364
00200
05425
03002
01585
00743
04030
05006
05852
05687
00778
02532
01363
02817
02730
04105
01593
05765
01713
01315
03611
00895
01825
02119
04861
03929
02784
01584
04502
01441
05668
02465
01829
05117
04142
02497
05674
04677
04807
04834
04979
04350
01168
05723
00344
04034
03754
02414
02759
01474
04796
03654
03638
01962
00875
01206
02129
03062
04117
05516
03703
05433
02383
04989
04772
04537
01563
00079
00140
05642
01096
01683
04859
05331
01923
00983
04201
02016
03499
01059
01955
04635
05146
03542
03651
00271
03335
04663
00595
04782
01009
00631
04495
03673
01274
04747
04445
03251
01297
02037
01033
02860
03325
04717
02530
01809
00765
05598
00976
03630
02955
00099
00485
04021
01484
03279
03278
05131
00091
00402
05700
04650
02438
03130
03560
04710
02168
05099
04013
00003
01348
00056
04244
05059
03887
04185
00565
05644
00853
01778
00771
00358
03365
05443
02651
03998
04267
01609
05334
00658
03960
01707
02095
03595
03339
01922
00915
04184
02047
04459
05270
01141
02324
02491
00474
04058
00534
03121
03717
02956
00156
03798
00429
04744
05564
05375
02795
03989
05501
00467
00001
04854
01159
01684
00882
03474
04194
03904
03473
04072
00749
04491
00664
02370
02457
01332
03787
00550
04403
02122
03184
03620
02589
02948
04545
02373
02343
04261
04223
02965
02696
04813
02066
02576
05531
02194
01625
01374
03263
05227
03996
01861
01423
02358
02182
03515
01002
04282
00028
05521
01510
02915
00991
02538
05593
00659
05014
03267
03955
02762
04695
00488
04355
03840
01688
00351
02218
01050
02639
01547
02009
03682
00923
05000
02355
03152
00838
00126
03547
02018
01273
01913
04210
00333
01230
05447
02625
01930
04213
02514
02399
01897
02556
03237
04536
00242
05400
02385
04598
02964
02569
01834
00527
04036
05637
05034
00145
01270
03479
00689
02416
02604
00632
00440
05277
04970
03917
04450
00396
05299
00219
01912
01729
03487
05255
04753
03988
04987
01093
03260
02868
01514
04113
05123
01268
05201
04866
00939
04564
05429
03973
02674
01554
05445
03693
03984
00781
00471
05289
05212
00130
00874
00544
02814
02520
03464
01885
03737
02031
05243
04840
00481
01405
02238
03546
01908
05617
02201
02262
04436
01397
00134
05362
02824
05100
05165
00797
03065
03788
04409
04158
04659
04341
00793
05683
03059
00725
01596
02230
02336
02685
00370
05489
03221
05287
00261
01994
00072
05647
05559
03853
02246
03301
00372
02892
04460
05044
02252
04048
02190
03683
03053
00543
03271
03431
03623
02616
01147
00036
05856
00381
05706
05333
02178
00696
03982
01709
00973
02089
02592
03212
05293
03880
04067
02342
01364
02106
02025
00792
00207
05635
02396
03283
03326
00327
00911
04471
05675
00704
03313
04793
00369
04120
04437
04781
03190
01919
04334
05540
00585
05132
03844
05806
02363
03446
01046
02312
02681
02079
02797
04803
04077
01156
05794
02012
03005
02778
02441
04820
04808
04339
04115
03008
00669
02501
04577
00418
05216
04761
03181
00954
03953
04207
04059
05677
00574
01967
05372
02928
03540
01216
00095
04757
00035
05660
01777
00814
02093
04141
00514
04815
00818
03969
05779
02192
04589
00295
05138
01710
02682
04116
03999
00423
01775
01321
02542
01702
01672
00233
04727
01320
01251
02849
00347
02667
03331
04489
03045
04996
05726
02140
04548
02981
04398
02134
03030
05631
00890
03423
05356
03806
00612
01748
03742
00463
02375
05416
02453
03866
03976
00446
00981
02609
03412
02720
05301
00170
02125
03095
00397
05070
00583
00234
03468
04435
03097
02622
04496
04074
03234
04255
00469
05826
02473
02118
04033
02583
05798
05717
05357
04130
02102
03519
01513
01716
03600
00269
02879
03320
01682
05621
04179
00324
01111
02764
05040
02506
02413
04099
02212
00051
04975
05728
02411
03056
05750
04239
02757
01454
00465
02185
03831
05118
01725
02124
02944
03510
04263
01658
00384
05161
00795
00731
01528
01142
02157
01453
00296
04732
04675
00724
04534
01573
02947
05261
03205
04638
02126
05432
01508
02578
03770
02821
02404
00628
05069
02041
05088
03391
00634
01313
00407
03732
00940
02111
00308
02515
05254
00788
03403
02249
04205
02602
01049
01452
01749
00904
00133
02023
04625
03842
01491
04543
04766
00532
05451
03937
04714
00101
00492
01633
03956
00220
04968
00223
05048
00722
05058
05196
00251
05561
03527
04447
01188
03086
03696
05769
04514
05360
02587
03707
01909
02408
03489
03447
02632
05799
02317
04380
03201
05710
02662
04200
01007
01318
03145
05187
05310
03667
01437
04709
04347
02834
04963
03914
05290
04621
01081
02713
04883
00437
00982
02275
04259
01650
05127
05159
00740
02723
02535
01154
01946
01944
04032
03007
04292
05306
04343
00671
05208
00539
02078
01590
01462
04737
00825
03701
04983
00042
01285
02638
01877
00924
04742
04498
02378
01534
02487
01605
03876
00281
01066
02796
00786
03903
02003
01820
00977
02090
02039
01126
00238
02288
02960
01929
01092
02527
04235
01203
02382
04794
01644
03023
02588
01323
02792
05251
01003
05172
03585
01524
05542
04293
01078
03186
05773
03915
00085
00949
00553
01863
02149
02327
04277
02900
04089
03543
01347
04836
01915
02742
01668
02690
00287
01765
05101
02754
02388
02619
01947
04492
05215
02679
04847
03017
02512
02924
02362
02099
00902
00860
01149
04236
04918
04601
03596
03355
05485
01385
02010
03089
03238
02540
02427
02886
00956
05604
05009
04574
02864
01632
02574
04406
02156
04583
05572
04260
05652
01669
01178
01035
03531
00601
01354
05004
00663
01859
00083
01646
04767
03404
04529
03061
04322
00052
03049
01690
01430
05810
02381
00866
01164
05281
00291
00733
01281
05157
04274
04569
03268
02572
01039
00922
04416
01545
00313
05064
03817
04573
04252
05143
00789
01338
03069
01624
03182
02591
04412
03579
01326
00457
05236
05504
01631
01336
02277
04556
01530
02660
02923
01157
05349
01131
04954
05851
02096
04627
04457
02623
05847
03745
03869
04920
04752
03966
03882
04823
01471
05484
04187
03281
04249
05548
00247
00805
04741
05335
03564
05307
01051
03743
01969
02856
00058
05083
00307
04688
03650
03038
04505
01694
02820
03264
04873
03195
04169
05784
01122
03695
01629
05611
01300
00554
00108
00027
02045
00151
01411
05005
01346
00084
00228
05230
01226
04351
00328
04759
04336
00545
00320
04241
04463
05670
04177
02415
05076
01823
00938
01413
01645
03229
00582
00989
04852
01107
00302
03134
01148
01401
02131
04719
00439
02734
00045
03164
00329
03083
03197
02805
04256
01525
03659
05239
04800
03569
01853
03771
05743
02007
00461
01056
05046
04554
05835
03273
00098
02147
01359
01191
00128
05200
03314
01826
04173
01771
05363
01949
04432
00958
03160
02374
02744
01256
05057
04509
05809
02228
01432
03370
02270
03322
03716
00799
00528
02983
03183
05184
01711
04792
00960
02461
02028
00487
02739
00524
02237
03383
04182
04466
03991
05589
02904
00361
03387
01225
05756
00903
05418
02658
00964
01931
03337
05480
05042
01921
01509
00707
04313
00500
01598
05703
04442
01618
03647
01227
02052
02758
01894
02251
00925
01317
01769
01708
02649
00802
00472
00974
02707
00153
00879
03829
04756
00999
03434
00277
00252
05745
04892
04696
03092
00353
01965
00754
05514
01866
05235
00670
01288
03475
01792
00933
03496
05686
02911
02400
01653
05795
02771
02058
04551
00174
01162
00718
04722
05646
01902
04221
02746
01276
03110
03529
02650
01670
02349
01574
00573
02303
03492
03296
01395
01685
04869
00025
02789
04613
00611
01869
05759
05490
02143
05096
01766
05437
02933
04700
04978
01277
05043
03068
05576
00255
02986
00071
02172
04981
04076
00615
05103
04945
03828
01773
02516
02490
03162
01726
01533
00337
03763
00050
04308
00748
03140
02006
01372
01966
01945
04726
00325
02171
01958
04566
02038
05419
02440
05494
04084
04408
01888
01145
05508
00321
03967
04125
00944
04212
01807
01797
03772
05689
02290
00766
03018
00813
04911
03334
04603
01844
00102
01968
05035
02410
01623
04880
03730
02865
01213
01887
03401
03099
03114
01404
00513
01181
04052
00559
04381
02611
03129
00014
01307
00169
03128
01390
04557
01617
02877
04974
00157
03552
03194
01266
00073
04156
05191
02963
02135
05544
03726
05729
05424
05737
05250
00318
04062
01641
05129
02318
02749
02971
02873
03293
05428
05721
03846
05841
01578
05149
02666
00870
05685
02633
04186
03875
01974
05568
01608
00640
00021
02445
05836
02786
01280
00240
00667
04270
00886
04936
01582
03318
00409
00362
05404
04124
02780
03824
00127
00319
04764
01790
00154
03624
02208
02659
05105
01753
01100
03962
02392
03014
02959
01366
01793
02463
02268
04645
00122
03213
03047
01391
05128
01301
05202
02819
04831
02008
01019
03193
01485
00125
02676
02493
05222
02893
03935
04795
01526
02950
01461
02919
05718
02508
05214
03795
03466
03897
02001
02585
03058
02341
04484
02255
01757
03822
04879
00620
03768
00458
03052
01511
05763
01847
00873
03892
03319
00294
03702
01954
01428
03027
00218
05597
03324
03054
00850
04816
00416
05860
04166
03656
02297
01822
00988
03303
00371
01180
05355
05314
01597
05667
05469
05097
02926
01493
02747
04956
02193
03713
04798
05384
04470
05090
04111
04870
02665
01290
00496
00650
05177
03371
04576
02333
03836
02138
03096
03168
03082
01306
00213
00737
03983
02610
04258
03936
04519
05529
01472
02430
02153
02261
05845
02816
04085
02084
00311
02061
04587
04112
01831
00158
01846
04745
03400
02301
04340
00086
00057
05144
00246
02930
01012
01370
01351
01674
05321
01856
00097
05339
04586
03348
01864
01208
00705
01028
00753
03178
01079
02369
02815
05398
04690
05016
00116
04006
00621
00424
03809
01870
00863
00531
02697
05119
00270
01580
01816
05608
02829
01068
05220
00453
01380
05525
00693
03825
03469
04083
04708
02460
05393
05804
04424
03397
02289
03363
05713
04482
05341
05024
03684
05753
02716
00630
03644
00782
05615
04642
03304
04937
04028
01331
05225
02049
02982
03631
02693
03511
03025
00111
04003
05282
02793
01916
01278
02257
05434
01814
01044
01992
03864
00557
02626
04867
03784
05327
03231
02889
00069
05402
03575
05742
05276
00817
00777
00752
05853
04599
03090
02468
01026
02779
02839
04649
05782
01724
02571
03067
01450
01469
05858
03439
05427
02995
03890
01185
04572
05260
02162
02672
03259
05560
04837
03963
00262
04162
02451
01134
00505
03723
01567
03416
03736
04091
02360
01540
05591
01389
02554
04414
01190
05625
02884
02858
05519
03262
05382
05808
01415
02670
01934
01693
00249
01648
00984
04827
00686
01699
01982
02774
04404
04833
04353
03662
01701
05566
05304
03484
02005
00399
05777
01772
00150
00136
01436
05010
00854
04711
04157
03574
02146
01459
01378
05240
03117
00198
00907
02004
00810
04226
03076
04410
05569
04384
03353
05623
03377
04682
01305
05354
00932
02608
04844
00821
02997
03632
03549
05026
05183
01767
03216
00390
02422
01117
04562
05673
03495
05832
00868
05439
02214
00237
03188
01153
02394
01971
02319
00842
00575
01986
04687
04916
05175
05392
03641
00175
01135
04192
05554
00963
05850
05248
05316
04634
04335
01182
00980
02200
05582
04014
03593
04617
02166
03411
03060
04513
02072
01943
02975
02922
00408
05371
03821
05017
01120
01036
03295
02402
04377
00386
04396
03113
03433
00124
04902
01704
00732
01494
00031
02339
05156
00936
03774
05226
00755
00929
04069
05464
00921
04473
01503
00193
03156
04147
01835
01746
01252
03448
03406
04248
00891
04480
01673
05719
01660
01607
05456
05168
03971
03954
02848
02159
02165
02459
02205
01087
01603
03629
03346
00374
00703
04023
01353
05137
02905
04061
03905
03227
02486
04228
05136
01561
03759
04174
01328
01088
02211
01841
00352
05367
03862
05518
05095
02529
04462
04371
00510
03155
01243
00276
00994
01455
05620
02717
04654
01398
00504
01475
05579
03837
01420
03020
02048
02688
01550
01837
04443
05061
04705
01407
05409
03352
00080
00272
04168
00426
00063
05712
03739
03257
03308
01586
00245
03554
02909
02331
03142
04043
03374
00723
